AUC,Rank,Term_Name,Overlapping_Genes,Adjusted_P-value,Source
0.5,2,AV node cell action potential (GO:0086016),"CACNB2, TRPM4",0.24027424318014898,GO_Biological_Process_2018
0.5,5,import across plasma membrane (GO:0098739),"KCNJ5, SLC46A1",0.2503456798039437,GO_Biological_Process_2018
0.5,4,insulin-like growth factor receptor signaling pathway (GO:0048009),"IGF1, GIGYF2",0.2563850044896367,GO_Biological_Process_2018
0.5,3,vitamin transmembrane transport (GO:0035461),"SCARB1, SLC46A1",0.2738507967732045,GO_Biological_Process_2018
0.5,7,positive regulation of vascular smooth muscle cell proliferation (GO:1904707),"FGF9, IGF1",0.2946543041500272,GO_Biological_Process_2018
0.5,1,regulation of heart rate by cardiac conduction (GO:0086091),"KCNJ5, CACNB2, TRPM4",0.2946772333651018,GO_Biological_Process_2018
0.5,6,atrial cardiac muscle cell action potential (GO:0086014),"KCNJ5, CACNB2",0.2950566623538852,GO_Biological_Process_2018
0.5,8,membrane depolarization during cardiac muscle cell action potential (GO:0086012),"CACNB2, TRPM4",0.38374319680347224,GO_Biological_Process_2018
0.5,9,neuromuscular junction development (GO:0007528),"CACNB2, UNC13A",0.47459772363832387,GO_Biological_Process_2018
0.5,10,vitamin transport (GO:0051180),"SCARB1, SLC46A1",0.5664458717391424,GO_Biological_Process_2018
0.5,11,regulation of vascular smooth muscle cell proliferation (GO:1904705),"FGF9, IGF1",0.6089510018433546,GO_Biological_Process_2018
0.5,12,activation of protein kinase B activity (GO:0032148),"ANG, IGF1",0.8039012834459758,GO_Biological_Process_2018
0.5,13,calcium ion transport (GO:0006816),"CACNB2, TRPC6, TRPM4",0.8165959593998229,GO_Biological_Process_2018
0.5,14,positive regulation of calcium ion transport (GO:0051928),"CACNB2, TRPC6",0.8329636046730944,GO_Biological_Process_2018
0.5,15,positive regulation of peptide secretion (GO:0002793),"ANG, IGF1",0.8737016776145263,GO_Biological_Process_2018
0.5,16,positive regulation of smooth muscle cell proliferation (GO:0048661),"FGF9, IGF1",0.9143434018654586,GO_Biological_Process_2018
0.5,34,positive regulation of action potential (GO:0045760),TRPM4,1.0,GO_Biological_Process_2018
0.5,35,"positive regulation of protein import into nucleus, translocation (GO:0033160)",IGF1,1.0,GO_Biological_Process_2018
0.5,36,sterol import (GO:0035376),SCARB1,1.0,GO_Biological_Process_2018
0.5,37,regulation of cytokine production involved in immune response (GO:0002718),TRPM4,1.0,GO_Biological_Process_2018
0.55,1,regulation of heart rate by cardiac conduction (GO:0086091),"KCNJ5, CACNB2, KCNE3, TRPM4",0.09206922276334953,GO_Biological_Process_2018
0.55,11,positive regulation of vascular smooth muscle cell proliferation (GO:1904707),"FGF9, IGF1",0.8161625418753,GO_Biological_Process_2018
0.55,9,regulation of T cell cytokine production (GO:0002724),"MALT1, TRPM4",0.8575331630333047,GO_Biological_Process_2018
0.55,10,ncRNA transcription (GO:0098781),"BRF1, ANG",0.89777879606283,GO_Biological_Process_2018
0.55,13,activation of NF-kappaB-inducing kinase activity (GO:0007250),"MALT1, TLR3",0.905368247434902,GO_Biological_Process_2018
0.55,6,mitochondrial gene expression (GO:0140053),"GFM2, MRPS34, TWNK",0.9275617393521763,GO_Biological_Process_2018
0.55,14,membrane depolarization during cardiac muscle cell action potential (GO:0086012),"CACNB2, TRPM4",0.950010798888165,GO_Biological_Process_2018
0.55,7,pattern recognition receptor signaling pathway (GO:0002221),"IRAK3, SFTPA1, TLR3",0.9596990059905586,GO_Biological_Process_2018
0.55,8,atrial cardiac muscle cell action potential (GO:0086014),"KCNJ5, CACNB2",0.9647248084124679,GO_Biological_Process_2018
0.55,12,rRNA transcription (GO:0009303),"BRF1, ANG",0.9808156013878104,GO_Biological_Process_2018
0.55,2,AV node cell action potential (GO:0086016),"CACNB2, TRPM4",1.0,GO_Biological_Process_2018
0.55,3,vitamin transmembrane transport (GO:0035461),"SCARB1, SLC46A1",1.0,GO_Biological_Process_2018
0.55,4,insulin-like growth factor receptor signaling pathway (GO:0048009),"IGF1, GIGYF2",1.0,GO_Biological_Process_2018
0.55,5,import across plasma membrane (GO:0098739),"KCNJ5, SLC46A1",1.0,GO_Biological_Process_2018
0.55,79,positive regulation of action potential (GO:0045760),TRPM4,1.0,GO_Biological_Process_2018
0.55,80,"positive regulation of protein import into nucleus, translocation (GO:0033160)",IGF1,1.0,GO_Biological_Process_2018
0.55,81,positive regulation of cholesterol storage (GO:0010886),SCARB1,1.0,GO_Biological_Process_2018
0.55,82,prepulse inhibition (GO:0060134),GRID2,1.0,GO_Biological_Process_2018
0.55,83,positive regulation of cardiac muscle contraction (GO:0060452),TRPM4,1.0,GO_Biological_Process_2018
0.55,84,response to gonadotropin (GO:0034698),NSMF,1.0,GO_Biological_Process_2018
0.6,1,AV node cell action potential (GO:0086016),"CACNB2, SCN10A, TRPM4",0.021348559435723193,GO_Biological_Process_2018
0.6,2,regulation of heart rate by cardiac conduction (GO:0086091),"KCNJ5, CACNB2, KCNE3, TRPM4",0.0697751172437102,GO_Biological_Process_2018
0.6,3,response to gonadotropin (GO:0034698),"LHCGR, NSMF",0.6233011178504931,GO_Biological_Process_2018
0.6,15,regulation of T cell cytokine production (GO:0002724),"MALT1, TRPM4",0.6335980227312389,GO_Biological_Process_2018
0.6,17,positive regulation of vascular smooth muscle cell proliferation (GO:1904707),"FGF9, IGF1",0.6501117418644663,GO_Biological_Process_2018
0.6,4,cellular response to gonadotropin stimulus (GO:0071371),"LHCGR, NSMF",0.6523327931085787,GO_Biological_Process_2018
0.6,12,tRNA aminoacylation for protein translation (GO:0006418),"CARS, YARS, GARS",0.6698478445049343,GO_Biological_Process_2018
0.6,10,import across plasma membrane (GO:0098739),"KCNJ5, SLC46A1",0.6745349954440352,GO_Biological_Process_2018
0.6,14,atrial cardiac muscle cell action potential (GO:0086014),"KCNJ5, CACNB2",0.6788550243548989,GO_Biological_Process_2018
0.6,9,cellular response to radiation (GO:0071478),"CDKN1A, OPN1MW, OPN1LW",0.6852708727735909,GO_Biological_Process_2018
0.6,11,mitochondrial gene expression (GO:0140053),"GFM2, MRPS34, TWNK",0.6855579389088937,GO_Biological_Process_2018
0.6,16,ncRNA transcription (GO:0098781),"BRF1, ANG",0.6907437257309954,GO_Biological_Process_2018
0.6,8,insulin-like growth factor receptor signaling pathway (GO:0048009),"IGF1, GIGYF2",0.6921188825477891,GO_Biological_Process_2018
0.6,13,pattern recognition receptor signaling pathway (GO:0002221),"IRAK3, SFTPA1, TLR3",0.6994413973821781,GO_Biological_Process_2018
0.6,5,regulation of ion transmembrane transport (GO:0034765),"KCNJ5, SCN10A, KCNE3",0.7212742521146014,GO_Biological_Process_2018
0.6,6,vitamin transmembrane transport (GO:0035461),"SCARB1, SLC46A1",0.7406725491385466,GO_Biological_Process_2018
0.6,19,activation of NF-kappaB-inducing kinase activity (GO:0007250),"MALT1, TLR3",0.7620699317497464,GO_Biological_Process_2018
0.6,7,tRNA aminoacylation (GO:0043039),"CARS, YARS, GARS",0.7637696776519638,GO_Biological_Process_2018
0.6,21,membrane depolarization during cardiac muscle cell action potential (GO:0086012),"CACNB2, TRPM4",0.7788850687948209,GO_Biological_Process_2018
0.6,20,response to light stimulus (GO:0009416),"OPN1MW, OPN1LW, UBE2A",0.7823402427275141,GO_Biological_Process_2018
0.65,1,regulation of heart rate by cardiac conduction (GO:0086091),"KCNJ5, CACNB2, KCNE2, KCNE3, TRPM4",0.009050970910312666,GO_Biological_Process_2018
0.65,2,AV node cell action potential (GO:0086016),"CACNB2, SCN10A, TRPM4",0.01712813842357337,GO_Biological_Process_2018
0.65,3,regulation of ion transmembrane transport (GO:0034765),"KCNJ5, SCN10A, KCNE2, KCNE3",0.08611397457222682,GO_Biological_Process_2018
0.65,14,regulation of potassium ion transport (GO:0043266),"DPP6, KCNE2, KCNE3",0.44110278783802864,GO_Biological_Process_2018
0.65,13,vitamin transmembrane transport (GO:0035461),"SCARB1, SLC46A1",0.4667873851038164,GO_Biological_Process_2018
0.65,10,negative regulation of voltage-gated potassium channel activity (GO:1903817),"KCNE2, KCNE3",0.4737846807210032,GO_Biological_Process_2018
0.65,15,insulin-like growth factor receptor signaling pathway (GO:0048009),"IGF1, GIGYF2",0.5037543890951574,GO_Biological_Process_2018
0.65,12,potassium ion export (GO:0071435),"KCNE2, KCNK18",0.5056863338624678,GO_Biological_Process_2018
0.65,5,negative regulation of delayed rectifier potassium channel activity (GO:1902260),"KCNE2, KCNE3",0.5115311264322419,GO_Biological_Process_2018
0.65,7,regulation of cation transmembrane transport (GO:1904062),"DPP6, KCNE2, KCNE3",0.5146103000925325,GO_Biological_Process_2018
0.65,16,tRNA aminoacylation (GO:0043039),"CARS, YARS, GARS",0.5250839267254308,GO_Biological_Process_2018
0.65,9,ventricular cardiac muscle cell membrane repolarization (GO:0099625),"KCNJ5, KCNE2",0.5264274230233369,GO_Biological_Process_2018
0.65,18,cellular response to radiation (GO:0071478),"CDKN1A, OPN1MW, OPN1LW",0.5377433567674279,GO_Biological_Process_2018
0.65,17,import across plasma membrane (GO:0098739),"KCNJ5, SLC46A1",0.5411898617499983,GO_Biological_Process_2018
0.65,8,regulation of potassium ion transmembrane transport (GO:1901379),"DPP6, KCNE2, KCNE3",0.545439633731586,GO_Biological_Process_2018
0.65,11,"transcription, DNA-templated (GO:0006351)","KLF11, CTDP1, BRF1, TWNK, UBTF, SMN1, AFF4, TAF1",0.5475986020082986,GO_Biological_Process_2018
0.65,22,regulation of T cell cytokine production (GO:0002724),"MALT1, TRPM4",0.5885542068087812,GO_Biological_Process_2018
0.65,6,cellular response to gonadotropin stimulus (GO:0071371),"LHCGR, NSMF",0.594503835263743,GO_Biological_Process_2018
0.65,25,positive regulation of vascular smooth muscle cell proliferation (GO:1904707),"FGF9, IGF1",0.6019443165600242,GO_Biological_Process_2018
0.65,32,regulation of membrane repolarization (GO:0060306),"KCNE2, KCNE3",0.6154164923563854,GO_Biological_Process_2018
0.7,1,regulation of heart rate by cardiac conduction (GO:0086091),"KCNJ5, CACNB2, KCNE2, KCNE3, TRPM4",0.026872878607911908,GO_Biological_Process_2018
0.7,2,AV node cell action potential (GO:0086016),"CACNB2, SCN10A, TRPM4",0.03330873228180885,GO_Biological_Process_2018
0.7,3,regulation of ion transmembrane transport (GO:0034765),"KCNJ5, SCN10A, KCNE2, KCNE3",0.2035365786796083,GO_Biological_Process_2018
0.7,11,protein stabilization (GO:0050821),"RPL5, CDKN1A, IGF1, NAA15, GPIHBP1, TAF1",0.40986927199503603,GO_Biological_Process_2018
0.7,10,cholesterol homeostasis (GO:0042632),"SCARB1, PCSK9, CYP7A1, GPIHBP1",0.43450177606566387,GO_Biological_Process_2018
0.7,12,cellular response to gonadotropin stimulus (GO:0071371),"LHCGR, NSMF",0.46142270921087064,GO_Biological_Process_2018
0.7,9,response to light stimulus (GO:0009416),"OPN1MW, OPN1LW, SPRTN, UBE2A",0.48277975118407096,GO_Biological_Process_2018
0.7,15,negative regulation of voltage-gated potassium channel activity (GO:1903817),"KCNE2, KCNE3",0.4898290532673559,GO_Biological_Process_2018
0.7,19,vitamin transmembrane transport (GO:0035461),"SCARB1, SLC46A1",0.4948169724884068,GO_Biological_Process_2018
0.7,16,regulation of potassium ion transmembrane transport (GO:1901379),"DPP6, KCNE2, KCNE3",0.5161958216529049,GO_Biological_Process_2018
0.7,18,protein autoprocessing (GO:0016540),"PCSK9, HFE2",0.5223068042933182,GO_Biological_Process_2018
0.7,14,ventricular cardiac muscle cell membrane repolarization (GO:0099625),"KCNJ5, KCNE2",0.5248168427864527,GO_Biological_Process_2018
0.7,13,regulation of cation transmembrane transport (GO:1904062),"DPP6, KCNE2, KCNE3",0.5256104775095098,GO_Biological_Process_2018
0.7,8,sterol homeostasis (GO:0055092),"SCARB1, PCSK9, CYP7A1, GPIHBP1",0.5431272200820798,GO_Biological_Process_2018
0.7,17,potassium ion export (GO:0071435),"KCNE2, KCNK18",0.5530307339576311,GO_Biological_Process_2018
0.7,21,insulin-like growth factor receptor signaling pathway (GO:0048009),"IGF1, GIGYF2",0.5569393784102523,GO_Biological_Process_2018
0.7,28,tRNA aminoacylation (GO:0043039),"CARS, YARS, GARS",0.5630778900743553,GO_Biological_Process_2018
0.7,7,negative regulation of delayed rectifier potassium channel activity (GO:1902260),"KCNE2, KCNE3",0.5677253661842196,GO_Biological_Process_2018
0.7,5,positive regulation of secretion by cell (GO:1903532),"ATP6AP1, ANG, IGF1, CLASP1",0.5735855463161978,GO_Biological_Process_2018
0.7,20,regulation of potassium ion transport (GO:0043266),"DPP6, KCNE2, KCNE3",0.5819332538119173,GO_Biological_Process_2018
0.75,2,sterol homeostasis (GO:0055092),"SCARB1, PCSK9, APOA1, LCAT, APOE, CYP7A1, GPIHBP1",0.006401473548994485,GO_Biological_Process_2018
0.75,1,cholesterol homeostasis (GO:0042632),"SCARB1, PCSK9, APOA1, LCAT, APOE, CYP7A1, GPIHBP1",0.01280294709798897,GO_Biological_Process_2018
0.75,3,triglyceride-rich lipoprotein particle remodeling (GO:0034370),"LCAT, APOA1, APOE, GPIHBP1",0.013590590086700835,GO_Biological_Process_2018
0.75,5,reverse cholesterol transport (GO:0043691),"SCARB1, LCAT, APOA1, APOE",0.026258283268158017,GO_Biological_Process_2018
0.75,6,regulation of heart rate by cardiac conduction (GO:0086091),"KCNJ5, CACNB2, KCNE2, KCNE3, TRPM4",0.026594490320634726,GO_Biological_Process_2018
0.75,7,AV node cell action potential (GO:0086016),"CACNB2, SCN10A, TRPM4",0.028628720607495113,GO_Biological_Process_2018
0.75,4,high-density lipoprotein particle remodeling (GO:0034375),"SCARB1, LCAT, APOA1, APOE",0.03282285408519752,GO_Biological_Process_2018
0.75,13,cholesterol transport (GO:0030301),"SCARB1, LCAT, APOA1, APOE, CEL",0.03801789363429878,GO_Biological_Process_2018
0.75,12,cholesterol catabolic process (GO:0006707),"CEL, APOE, CYP7A1",0.039458967213150974,GO_Biological_Process_2018
0.75,11,chylomicron remodeling (GO:0034371),"APOA1, APOE, GPIHBP1",0.04304614605071016,GO_Biological_Process_2018
0.75,14,inorganic cation transmembrane transport (GO:0098662),"SLC46A1, SCN10A, TRPC6, ATP6AP1, SCN11A, SCN3A, TRPM4, HCN1",0.044454076342317704,GO_Biological_Process_2018
0.75,10,sterol catabolic process (GO:0016127),"CEL, APOE, CYP7A1",0.04735076065578117,GO_Biological_Process_2018
0.75,8,acylglycerol homeostasis (GO:0055090),"SCARB1, APOA1, APOE, GPIHBP1",0.04839656131293843,GO_Biological_Process_2018
0.75,9,very-low-density lipoprotein particle remodeling (GO:0034372),"APOA1, LCAT, APOE",0.0526119562842013,GO_Biological_Process_2018
0.75,16,activation of cysteine-type endopeptidase activity involved in apoptotic process (GO:0006919),"NLRP12, COL4A3, NLRC4, NLRP1, JAK2, ROBO1",0.05998305074898006,GO_Biological_Process_2018
0.75,17,triglyceride homeostasis (GO:0070328),"SCARB1, APOA1, APOE, GPIHBP1",0.060665041686146504,GO_Biological_Process_2018
0.75,15,alcohol catabolic process (GO:0046164),"CEL, APOE, CYP7A1",0.061046642458037446,GO_Biological_Process_2018
0.75,18,negative regulation of interleukin-1 secretion (GO:0050711),"NLRP12, NLRP7, APOA1",0.0673026655722157,GO_Biological_Process_2018
0.75,19,sterol metabolic process (GO:0016125),"CYP26B1, APOA1, LCAT, APOE, CYP7A1",0.10550257016912068,GO_Biological_Process_2018
0.75,20,regulation of interleukin-1 beta secretion (GO:0050706),"NLRP12, NLRP7, APOA1, NLRP1",0.11115812515669368,GO_Biological_Process_2018
0.8,1,action potential (GO:0001508),"SCN10A, KCNE2, SCN11A, CHRNA4, GNA11, SCN9A, MYH14, CACNA1C, SCN3A",0.0006953161388758868,GO_Biological_Process_2018
0.8,8,reverse cholesterol transport (GO:0043691),"SCARB1, LIPG, LCAT, APOA1, APOE",0.0029807236184852936,GO_Biological_Process_2018
0.8,5,sterol homeostasis (GO:0055092),"SCARB1, LIPG, PCSK9, APOA1, LCAT, APOE, CYP7A1, GPIHBP1",0.00311072292184283,GO_Biological_Process_2018
0.8,3,inorganic cation transmembrane transport (GO:0098662),"SLC46A1, SCN10A, TRPC6, ATP6AP1, SCN11A, SCN9A, SLC4A11, CACNA1C, SCN3A, TRPM4, TMCO1, HCN1",0.003399309996455629,GO_Biological_Process_2018
0.8,7,high-density lipoprotein particle remodeling (GO:0034375),"SCARB1, LIPG, LCAT, APOA1, APOE",0.003406541278268907,GO_Biological_Process_2018
0.8,6,membrane depolarization (GO:0051899),"CHRNB2, SCN10A, CHRNA4, SCN11A, SCN9A, CACNA1C, SCN3A",0.003484165696128315,GO_Biological_Process_2018
0.8,4,cholesterol homeostasis (GO:0042632),"SCARB1, LIPG, PCSK9, APOA1, LCAT, APOE, CYP7A1, GPIHBP1",0.0038884036523035375,GO_Biological_Process_2018
0.8,2,AV node cell action potential (GO:0086016),"CACNB2, SCN10A, CACNA1C, TRPM4",0.0049359990573828345,GO_Biological_Process_2018
0.8,9,regulation of heart rate by cardiac conduction (GO:0086091),"KCNJ5, CACNB2, KCNE2, KCNE3, CACNA1C, TRPM4",0.008479080742713335,GO_Biological_Process_2018
0.8,10,neuronal action potential (GO:0019228),"SCN10A, SCN11A, SCN9A, MYH14, SCN3A",0.012010421713220181,GO_Biological_Process_2018
0.8,12,negative regulation of cytokine-mediated signaling pathway (GO:0001960),"IL1RN, STAP1, APOA1, IL36RN, IRAK3, ROBO1",0.014087613605435102,GO_Biological_Process_2018
0.8,13,triglyceride-rich lipoprotein particle remodeling (GO:0034370),"LCAT, APOA1, APOE, GPIHBP1",0.014407739891007205,GO_Biological_Process_2018
0.8,11,cognition (GO:0050890),"CHRNB2, LHCGR, CHRNA4, TUSC3, CHMP2B, INS",0.015368305751383747,GO_Biological_Process_2018
0.8,14,cholesterol transport (GO:0030301),"SCARB1, LIPG, LCAT, APOA1, APOE, CEL",0.02107792334435347,GO_Biological_Process_2018
0.8,15,negative regulation of cellular process (GO:0048523),"KLF11, LRPAP1, COL18A1, CDKN1A, PKDCC, DDX3X, ACTN1, GMNN, WISP3, APOA1, SOX11, SMAD6, PPM1D, ESR2, PTHLH, CSNK2B, COL4A3, CDK10, TGFBI, JAK2, ARID2",0.034879264086907176,GO_Biological_Process_2018
0.8,16,positive regulation of macromolecule metabolic process (GO:0010604),"RPL5, NTRK2, DDX3X, NOG, RPL11, PCSK9, SOX11, IGF1, ACTG2, POU3F3, INS, FGF8, STAP1, TLR3",0.03664964380725547,GO_Biological_Process_2018
0.8,18,positive regulation of secretion by cell (GO:1903532),"ATP6AP1, ANKRD1, SOX11, ANG, IGF1, CLASP1",0.04260220723028005,GO_Biological_Process_2018
0.8,17,anion homeostasis (GO:0055081),"LIPG, APOA1, APOE, INS",0.04434234592333402,GO_Biological_Process_2018
0.8,19,negative regulation of cellular metabolic process (GO:0031324),"LRPAP1, PCSK9, APOE, OPTN, INS",0.04544098350112675,GO_Biological_Process_2018
0.8,20,positive regulation of gene expression (GO:0010628),"RPL5, FOXC2, DDX3X, MYRF, RPL11, ACTG2, INS, FGF8, STAP1, OTX2, BPTF, NTRK2, FZD2, BRPF1, NOG, TRIP4, EBF3, SOX11, FOXL2, IGF1, SOX10, POU3F3, ESR2, PHIP, NAA15, TLR3",0.049042268355296174,GO_Biological_Process_2018
0.85,1,positive regulation of gene expression (GO:0010628),"KMT2E, RPL5, FOXC2, DDX3X, MYRF, CHD8, RPL11, CTCF, PSEN1, GATA1, ACTG2, GLI2, LRP6, INS, DLL4, SOX2, NEUROD1, FGF8, CUX2, STAP1, OTX2, ZNF423, PITX3, BPTF, SMAD2, NTRK2, FZD2, BRPF1, SMARCC2, NOG, TRIP4, SOX11, PAX6, FOXL2, EBF3, ANK2, IGF1, SOX10, POU3F3, ESR2, REST, TBL1XR1, WAC, PKP1, PHIP, NAA15, TLR3",1.1187092069825252e-05,GO_Biological_Process_2018
0.85,2,action potential (GO:0001508),"SCN10A, KCNE2, SCN11A, CHRNA4, GNA11, SCN9A, MYH14, CACNA1C, SCN3A, CACNA1H, CACNA1G",0.00010099155305942986,GO_Biological_Process_2018
0.85,4,AV node cell action potential (GO:0086016),"CACNB2, SCN10A, CACNA1C, CACNA1G, TRPM4",0.00017701071745702634,GO_Biological_Process_2018
0.85,3,positive regulation of nucleic acid-templated transcription (GO:1903508),"KMT2E, FOXC2, MYRF, CHD8, CTCF, PSEN1, GATA1, GLI2, LRP6, SOX2, NEUROD1, OTX2, ZNF423, PITX3, BPTF, SMAD2, FZD2, BRPF1, SMARCC2, TRIP4, SOX11, PAX6, FOXL2, EBF3, IGF1, SOX10, POU3F3, ESR2, REST, TBL1XR1, WAC, PHIP, NAA15",0.00018318197987421923,GO_Biological_Process_2018
0.85,5,cognition (GO:0050890),"C12ORF57, CHRNB2, LHCGR, CUX2, CHRNA4, TUSC3, CHMP2B, MAGT1, INS",0.00028536732421486244,GO_Biological_Process_2018
0.85,10,sterol homeostasis (GO:0055092),"ABCA1, SCARB1, LIPG, PCSK9, APOA1, LCAT, APOE, LDLRAP1, CYP7A1, GPIHBP1",0.0004355686594878762,GO_Biological_Process_2018
0.85,8,calcium ion transport (GO:0006816),"CHRNB2, TRPC6, CHRNA4, CAMK2A, ANK2, ATP2B2, CACNA1C, PSEN1, CACNA1H, CACNA1G, TMCO1, CACNB2, TRPV4, TRPM4",0.00043950251320270855,GO_Biological_Process_2018
0.85,12,inorganic cation transmembrane transport (GO:0098662),"SLC46A1, TRPC6, ATP6AP1, SLC4A11, CACNA1C, CACNA1H, CACNA1G, TMCO1, SCN10A, SCN11A, TRPV4, SCN9A, SCN3A, TRPM4, HCN1",0.0004425166432671069,GO_Biological_Process_2018
0.85,11,divalent metal ion transport (GO:0070838),"NIPAL4, CHRNB2, TUSC3, CHRNA4, TRPV4, CAMK2A, ATP2B2, MAGT1, CACNA1C, PSEN1, CACNA1H, CACNA1G",0.0004457933279827851,GO_Biological_Process_2018
0.85,13,regulation of heart rate by cardiac conduction (GO:0086091),"KCNJ5, CACNB2, KCNE2, KCNE3, ANK2, CACNA1C, CACNA1G, TRPM4",0.0004489341171809665,GO_Biological_Process_2018
0.85,6,membrane depolarization (GO:0051899),"CHRNB2, SCN10A, CHRNA4, SCN11A, SCN9A, CACNA1C, SCN3A, CACNA1H, CACNA1G",0.00046082732046902076,GO_Biological_Process_2018
0.85,7,neuronal action potential (GO:0019228),"SCN10A, SCN11A, SCN9A, MYH14, SCN3A, CACNA1H, CACNA1G",0.00047445721192162436,GO_Biological_Process_2018
0.85,9,cholesterol homeostasis (GO:0042632),"ABCA1, SCARB1, LIPG, PCSK9, APOA1, LCAT, APOE, LDLRAP1, CYP7A1, GPIHBP1",0.0004839651772087513,GO_Biological_Process_2018
0.85,15,reverse cholesterol transport (GO:0043691),"ABCA1, SCARB1, LIPG, LCAT, APOA1, APOE",0.0005377003058751721,GO_Biological_Process_2018
0.85,14,negative regulation of transcription from RNA polymerase II promoter (GO:0000122),"FOXC2, NFIX, HDAC3, CHD8, HNRNPU, CTCF, PSEN1, RBPJ, GATA1, PHF6, GLI2, DLL4, SOX2, CUX2, SIN3A, TBX20, BPTF, ZBTB18, SMAD2, KLF11, USP9X, BCL11A, NOG, NR2F1, SOX11, NR0B1, HFE2, TBX6, GATAD2B, ESR2, REST, TBL1XR1, TAF1",0.0005626906259387481,GO_Biological_Process_2018
0.85,16,positive regulation of macromolecule metabolic process (GO:0010604),"RPL5, NTRK2, DDX3X, NOG, RPL11, GBA, PCSK9, SOX11, ANK2, PAX6, IGF1, CTCF, ACTG2, POU3F3, INS, DLL4, CUX2, FGF8, PKP1, STAP1, TLR3",0.0007707055577900934,GO_Biological_Process_2018
0.85,17,regulation of transcription from RNA polymerase II promoter (GO:0006357),"CDKN1A, DDX3X, AMHR2, THRA, CHD8, HNRNPU, CTCF, RBPJ, LITAF, PHF6, CHRDL1, GLI2, SOX2, SIN3A, ANKRD1, KLF11, SMARCC2, NOG, SOX11, PAX6, FOXL2, EBF3, HFE2, SOX10, TBL1XR1, PHIP, ZMYND11, TLR3, FOXC2, CTDP1, NFIX, HDAC3, HOXD13, NOD2, PSEN1, GATA1, LRP6, HSPD1, DLL4, NEUROD1, CUX2, TBX20, OTX2, APOE, BPTF, ZBTB18, SMAD2, USP9X, BCL11A, NR2F1, SMAD9, NR0B1, TBX6, IGF1, SMAD6, GATAD2B, CFC1, ESR2, RAX2, REST, ASXL2, CDK13, TAF1",0.0007833540409643559,GO_Biological_Process_2018
0.85,18,"negative regulation of transcription, DNA-templated (GO:0045892)","FOXC2, NFIX, HDAC3, THRA, CHD8, GMNN, HNRNPU, CTCF, PSEN1, RBPJ, GATA1, PHF6, GLI2, DLL4, SOX2, CUX2, SIN3A, NACC1, TBX20, CHMP1A, ZNF423, BPTF, ZBTB18, SMAD2, KLF11, SMARCC2, USP9X, BCL11A, NONO, NOG, NR2F1, SOX11, NR0B1, FOXL2, HFE2, TBX6, GATAD2B, POU3F3, ESR2, REST, TBL1XR1",0.0010043330485339967,GO_Biological_Process_2018
0.85,19,"positive regulation of transcription, DNA-templated (GO:0045893)","DDX3X, THRA, CHD8, HNRNPU, CTCF, RBPJ, LITAF, GLI2, SOX2, SIN3A, UBTF, PITX3, SMARCC2, SOX11, PAX6, FOXL2, EBF3, HFE2, SOX10, POU3F3, TBL1XR1, WAC, PHIP, TLR3, KMT2E, FOXC2, NFIX, HDAC3, MYRF, HOXD13, NOD2, PSEN1, GATA1, LRP6, NEUROD1, OTX2, ZNF423, BPTF, ZBTB18, SMAD2, FZD2, BRPF1, TRIP4, IGF1, ESR2, RAX2, REST, ASXL2, NAA15, CDK13, TAF1",0.0011423324701552646,GO_Biological_Process_2018
0.85,20,cholesterol transport (GO:0030301),"ABCA1, SCARB1, LIPG, LCAT, APOA1, APOE, CEL, LDLRAP1",0.001826973556631623,GO_Biological_Process_2018
0.9,1,positive regulation of gene expression (GO:0010628),"RPL5, DDX3X, CHD8, CTCF, ACTB, ACTG2, GLI2, SOX2, FGF8, HNF4A, EP300, SOX9, PITX3, MAP2K1, SMARCC2, AVPR2, NOG, SOX11, PAX6, FOXL2, EBF3, ANK2, HNF1A, ARID1A, SOX10, FOXP3, POU3F3, MYCN, KAT6B, TBL1XR1, KAT6A, POLR1C, WAC, PKP1, PHIP, ZNF711, CD46, TLR3, KMT2E, FOXC2, MYRF, KMT2A, RPL11, GATA6, PDGFB, PSEN1, GATA1, LRP6, INS, DLL4, NEUROD1, CUX2, PDCD10, DVL1, NKX2-1, STAP1, OTX2, ZNF423, BPTF, SMAD2, NTRK2, FZD2, BRPF1, SMAD3, FZD4, ESRRB, TRIP4, NR2F2, IGF1, GDF6, MTOR, ESR2, COL1A1, REST, ACTC1, CTNNB1, NAA15",6.748553787392352e-11,GO_Biological_Process_2018
0.9,2,positive regulation of nucleic acid-templated transcription (GO:1903508),"CHD8, CTCF, GLI2, SOX2, HNF4A, EP300, SOX9, PITX3, MAP2K1, SMARCC2, SOX11, PAX6, FOXL2, EBF3, HNF1A, ARID1A, SOX10, FOXP3, POU3F3, MYCN, KAT6B, TBL1XR1, KAT6A, WAC, PHIP, ZNF711, KMT2E, FOXC2, MYRF, KMT2A, PDGFB, GATA6, PSEN1, GATA1, LRP6, NEUROD1, DVL1, NKX2-1, OTX2, ZNF423, BPTF, SMAD2, FZD2, BRPF1, SMAD3, FZD4, ESRRB, TRIP4, NR2F2, IGF1, GDF6, ESR2, COL1A1, REST, CTNNB1, NAA15",2.0038670807979313e-09,GO_Biological_Process_2018
0.9,3,"positive regulation of transcription, DNA-templated (GO:0045893)","DDX3X, THRA, CHD8, HNRNPU, CTCF, RBPJ, PKD2, LITAF, GLI2, SOX2, PPP3CA, TBK1, SIN3A, HNF4A, UBTF, EP300, SOX9, PITX3, MAP2K1, SMARCC2, TCF12, SOX11, PAX6, FOXL2, EBF3, HFE2, HNF1A, ARID1A, SOX10, FOXP3, POU3F3, MYCN, KAT6B, TBL1XR1, KAT6A, WAC, PHIP, ZNF711, TLR3, KMT2E, KMT2D, FOXC2, NFIX, HDAC3, MYRF, KMT2A, TMPRSS6, GATA6, PDGFB, HOXD13, NOD2, PSEN1, GATA1, LRP6, NEUROD1, EPCAM, DVL1, NKX2-1, NLRP3, OTX2, ZNF423, BPTF, ZBTB18, SMAD2, FZD2, BRPF1, SMAD3, BCL11B, FZD4, ESRRB, TRIP4, GRHL3, NR2F2, IGF1, GDF6, GRHL2, MTOR, ESR2, RAX2, POU4F3, COL1A1, ASXL1, REST, HNRNPK, NFIA, ASXL3, ASXL2, CTNNB1, LHX4, NAA15, CDK13, NEUROG3, TAF1",2.3463065532756924e-09,GO_Biological_Process_2018
0.9,4,regulation of transcription from RNA polymerase II promoter (GO:0006357),"AMHR2, MYT1L, HNRNPU, RBPJ, SOX2, TBK1, EP300, SOX9, SMARCC2, KCTD1, SOX11, EBF3, HFE2, HNF1A, SOX10, FOXP3, MYCN, TBL1XR1, PHIP, KMT2D, KMT2A, SRCAP, FOXG1, GATA6, PSEN1, GATA1, NEUROD1, RAD21, NKX2-1, NLRP3, OTX2, APOE, ELANE, BPTF, ZBTB18, SMAD2, SMAD3, BCL11B, BCL11A, CAV1, ESRRB, NR2F1, SMAD9, NR0B1, NR2F2, IGF1, GDF6, SMAD6, ESR2, RAX2, HNRNPK, LHX4, CDK13, EZH2, CDKN1A, DDX3X, THRA, CHD8, CTCF, PKD2, LITAF, PHF6, CHRDL1, GLI2, PPP3CA, NIPBL, SIN3A, HNF4A, ANKRD1, KLF11, TCF12, NOG, PAX6, FOXL2, ARID1A, ETV6, ZEB1, ZMYND11, TLR3, FOXC2, CTDP1, NFIX, HDAC3, TMPRSS6, HOXD13, NOD2, HDAC8, LRP6, HSPD1, DLL4, CUX2, EPCAM, TBX20, USP9X, GRHL3, TBX6, GRHL2, GATAD2B, CFC1, POU4F3, ASXL1, GFI1B, REST, NFIA, ASXL3, ASXL2, CTNNB1, NEUROG3, TAF1",3.069021916265921e-08,GO_Biological_Process_2018
0.9,5,"negative regulation of transcription, DNA-templated (GO:0045892)","KDM5C, CDKN1B, THRA, MYT1L, CHD8, GMNN, HNRNPU, CTCF, RBPJ, PHF6, GLI2, SOX2, NIPBL, SIN3A, CHMP1A, SIX3, EP300, SOX9, KLF11, SMARCC2, NOG, KCTD1, SOX11, FOXL2, HFE2, FOXP3, POU3F3, ETV6, ZEB1, KAT6B, TBL1XR1, KAT6A, FOXC2, NFIX, HDAC3, TMPRSS6, FOXG1, GATA6, PDGFB, PSEN1, HDAC8, GATA1, DLL4, CUX2, NACC1, TBX20, NKX2-1, ZNF423, ELANE, BPTF, ZBTB18, SMAD2, SMAD3, USP9X, CDKN2A, BCL11A, NONO, CAV1, NR2F1, NR0B1, NR2F2, TBX6, GATAD2B, ESR2, GFI1B, REST, NFIA, CTNNB1, EZH2, NEUROG3",2.202804751914235e-07,GO_Biological_Process_2018
0.9,7,sterol homeostasis (GO:0055092),"ABCA1, SCARB1, ABCG8, ABCG5, CAV3, CAV1, PCSK9, APOA1, LCAT, CYP7A1, NPC2, LIPG, ANGPTL3, APOE, LDLRAP1, GPIHBP1",2.4691916151078307e-07,GO_Biological_Process_2018
0.9,8,muscle contraction (GO:0006936),"CHRNB2, MYBPC1, DTNA, CAV3, SMPX, TPM3, TPM2, TNNC1, ACTG2, CACNA1H, GJA1, MYH2, MYH3, ACTC1, MYL2, MYH8, TCAP, MYH11, CACNA1S, CALM1, EMD, CRYAB, VCL, MYH6",2.8234630535742977e-07,GO_Biological_Process_2018
0.9,6,cholesterol homeostasis (GO:0042632),"ABCA1, SCARB1, ABCG8, ABCG5, CAV3, CAV1, PCSK9, APOA1, LCAT, CYP7A1, NPC2, LIPG, ANGPTL3, APOE, LDLRAP1, GPIHBP1",2.8807235509591354e-07,GO_Biological_Process_2018
0.9,9,cholesterol transport (GO:0030301),"ABCA1, SCARB1, ABCG8, MSR1, ABCG5, CAV1, LCAT, APOA1, CEL, NPC2, LIPG, APOE, SERAC1, LDLRAP1",3.0107833689547227e-07,GO_Biological_Process_2018
0.9,11,divalent metal ion transport (GO:0070838),"CHRNB2, RYR2, TUSC3, CHRNA4, CAV1, CAMK2A, ATP2B2, MAGT1, CACNA1C, PSEN1, PKD2, ATP2C1, CACNA1F, CACNA1H, CACNA1G, NIPAL4, TRPV4, CACNA1S, KCNN4",3.46844479063071e-07,GO_Biological_Process_2018
0.9,10,calcium ion transport (GO:0006816),"CHRNB2, RYR2, TRPC6, CHRNA4, CAV1, CAMK2A, ATP2A2, ANK2, ATP2B2, CACNA1C, PSEN1, CACNA1F, PKD2, ATP2C1, CACNA1H, CACNA1G, TMCO1, CACNB2, TRPV4, CACNA1S, KCNN4, TRPM4",3.511410753620194e-07,GO_Biological_Process_2018
0.9,12,negative regulation of transcription from RNA polymerase II promoter (GO:0000122),"MYT1L, CHD8, HNRNPU, CTCF, RBPJ, PHF6, GLI2, SOX2, NIPBL, SIN3A, EP300, SOX9, KLF11, NOG, KCTD1, SOX11, HFE2, ETV6, ZEB1, TBL1XR1, FOXC2, NFIX, HDAC3, TMPRSS6, PDGFB, GATA6, PSEN1, HDAC8, GATA1, DLL4, CUX2, TBX20, NKX2-1, ELANE, BPTF, ZBTB18, SMAD2, SMAD3, USP9X, BCL11A, CAV1, NR2F1, NR0B1, NR2F2, TBX6, GATAD2B, ESR2, GFI1B, REST, NFIA, EZH2, NEUROG3, TAF1",8.555996501525066e-07,GO_Biological_Process_2018
0.9,13,membrane depolarization (GO:0051899),"CHRNB2, CHRNA4, CAV1, CACNA1C, CACNA1F, CACNA1H, CACNA1G, SCN10A, SCN11A, SCN9A, CACNA1S, SCN3A, SCN1B",1.7638579153398884e-06,GO_Biological_Process_2018
0.9,14,negative regulation of gene expression (GO:0010629),"KDM5C, CDKN1B, DDX3X, THRA, CHD8, GMNN, CTCF, RBPJ, NIPBL, SIN3A, CHMP1A, SIX3, SOX9, MAP2K1, SMARCC2, DNMT3A, KCTD1, SOX11, FOXL2, FOXP3, POU3F3, PATL2, ZEB1, MYCN, KAT6B, KAT6A, SLFN14, CD46, HDAC3, TMPRSS6, FOXG1, PDGFB, GATA6, PPM1D, GIGYF2, DLL4, PDCD10, NACC1, TBX20, NKX2-1, ZNF423, ZBTB18, SMAD2, MSR1, CDKN2A, NONO, NR0B1, NR2F2, DHFR, RPS26, REST, CTNNB1, TARDBP, EZH2, TAF1",2.359666608077583e-06,GO_Biological_Process_2018
0.9,15,"regulation of transcription, DNA-templated (GO:0006355)","MYT1L, GMNN, RBPJ, SOX2, PPP2R1A, EP300, SOX9, PITX3, MAP2K1, SMARCC2, KCTD1, SOX11, EBF3, HNF1A, SOX10, FOXP3, POU3F3, MYCN, KAT6B, TBL1XR1, KAT6A, PHIP, ZNF711, KMT2E, KMT2D, KMT2A, SRCAP, FOXG1, GATA6, PDGFB, PSEN1, GATA1, NEUROD1, ORC1, RAD21, NACC1, DVL1, NKX2-1, OTX2, APOE, ZNF423, BPTF, ZBTB18, TRAPPC2, SMAD2, FZD2, BRPF1, SMAD3, BCL11B, FZD4, BCL11A, NONO, ESRRB, TRIP4, NR0B1, NR2F2, IGF1, GDF6, ESR2, COL1A1, DHFR, EZH2, CDKN1A, KDM5C, CDKN1B, THRA, CHD8, CTCF, LITAF, GLI2, NIPBL, HINT1, SIN3A, HNF4A, CHMP1A, SIX3, UBTF, ANKRD1, KLF11, TCF12, PAX6, FOXL2, ARID1A, ETV6, ZEB1, WAC, ZMYND11, FOXC2, HDAC3, MYRF, TMPRSS6, HOXD13, LRP6, INS, HSPD1, TBX20, CDKN2A, ASCC1, GRHL3, WTIP, TBX4, GRHL2, REST, NFIA, CTNNB1, NAA15, TAF1",3.005535955689969e-06,GO_Biological_Process_2018
0.9,16,action potential (GO:0001508),"KCNE2, CHRNA4, KCNA2, CACNA1C, CACNA1F, CACNA1H, CACNA1G, SCN10A, SCN11A, GNA11, SCN9A, MYH14, CACNA1S, SCN3A",3.346450489866389e-06,GO_Biological_Process_2018
0.9,17,skeletal system development (GO:0001501),"TRAPPC2, MYOC, NOG, SOX11, IGF1, TBX4, PHEX, PTHLH, GLI2, COL1A1, EXT1, ACAN, FGF8, ANKH, ALX4, COL10A1, SOX9, COL9A2, ATP7A, PITX1, ARSE, MATN3",1.2371718675165537e-05,GO_Biological_Process_2018
0.9,18,positive regulation of macromolecule metabolic process (GO:0010604),"RPL5, DDX3X, RPL11, GBA, PDGFB, PCSK9, CTCF, ACTG2, INS, DLL4, CUX2, FGF8, PDCD10, NKX2-1, STAP1, NTRK2, MAP2K1, SMAD3, NOG, AVPR2, SOX11, ANK2, PAX6, IGF1, POU3F3, MTOR, MYCN, ACTC1, PKP1, CD46, TLR3",2.675523901535152e-05,GO_Biological_Process_2018
0.9,19,positive regulation of signal transduction (GO:0009967),"TREM2, NOD2, RBPJ, AGPAT2, ROBO1, INS, C3, DLL4, CUX2, PDCD10, DVL1, EP300, JAK2, ZRANB1, PTGIS, BDNF, DCDC2, IGF1, ASXL1, STX1B, DLG4, ASXL2, FAS, PHIP, SHANK3, TLR3",2.7411940190739538e-05,GO_Biological_Process_2018
0.9,21,actin-myosin filament sliding (GO:0033275),"MYBPC1, MYH2, MYH3, ACTC1, TPM3, TNNC1, TPM2, MYL2, MYH8, TCAP, MYH6",2.8210589486870605e-05,GO_Biological_Process_2018
0.95,1,positive regulation of gene expression (GO:0010628),"RB1, RPL5, FMR1, HFE, ACTB, ACTG2, SOX2, RIMS1, FGF8, CDH1, EP300, CAPN3, VPS35, SOX9, TP63, PITX3, ACVR1, MEF2C, MAP2K1, SMARCC2, MAP2K2, DYRK1A, HNF1B, ANK2, SOX11, MITF, EBF3, HNF1A, FOXP3, SOX10, POU3F3, MYCN, KAT6B, TBL1XR1, KAT6A, PKP1, ZNF711, PHIP, TP53, KMT2E, KMT2A, PDGFB, GATA6, TWIST1, PSEN1, GATA1, GLIS2, NEUROD1, DEAF1, PDCD10, DVL1, NKX2-1, STAP1, OTX2, NDP, ZNF423, NKX2-5, BPTF, TFAP2A, SMAD2, CREBBP, EGR2, ZFHX3, BRPF1, FZD2, SMAD3, FOXF1, FZD4, ESRRB, FN1, TRIP4, UPF3B, BRAF, NR2F2, IGF1, GDF6, SMARCA2, ESR2, COL1A1, SETX, BMP4, BMP2, RFXAP, ACVRL1, DDX3X, CHD8, CTCF, BRCA1, BRCA2, GLI2, MED12, MECOM, ZIC2, ZIC3, HNF4A, AVPR2, NOG, PAX3, FOXL2, PAX6, ARID1A, DNM2, POLR1A, POLR1C, WAC, RBM20, PPARG, IRF6, CD46, TLR3, FOXC2, FOXC1, MYRF, RPL11, LRP6, INS, TTN, DLL4, CUX2, NSD1, ERBB2, MAPK1, TBX1, NTRK2, STAT1, MTOR, REST, ACTC1, WT1, CTNNB1, KRAS, NAA15",1.7159596881052292e-17,GO_Biological_Process_2018
0.95,2,"positive regulation of transcription, DNA-templated (GO:0045893)","RB1, SMARCB1, HNRNPU, RBPJ, SOX2, RPS6KA3, TBK1, CDH1, EP300, CAPN3, SOX9, TP63, PITX3, MEN1, ACVR1, MEF2C, MAP2K1, SMARCC2, MAP2K2, HFE2, HNF1B, SOX11, MITF, EBF3, HNF1A, FOXP3, SOX10, POU3F3, MYCN, KAT6B, TBL1XR1, KAT6A, ZNF711, PHIP, ATF6, SQSTM1, TP53, KMT2E, KMT2D, KMT2A, KMT2B, PDGFB, GATA6, TWIST1, PIK3R2, PSEN1, GATA1, GLIS2, NEUROD1, DEAF1, DVL1, NKX2-1, CAMTA1, NLRP3, OTX2, NDP, ZNF423, NKX2-5, BPTF, ZBTB18, TFAP2A, SMAD2, CREBBP, EGR2, ZFHX3, JAG1, BRPF1, FZD2, SMAD3, BCL11B, FOXF1, FZD4, ESRRB, TRIP4, NR2F2, IGF1, GDF6, SMARCA2, ESR2, NFKB2, RAX2, COL1A1, SETX, BMP4, BMP2, HNRNPK, AGO2, RFXAP, LHX4, CDK13, SIM1, BMPR1A, ACVRL1, DDX3X, THRA, CHD8, TCF20, CTCF, BRCA1, BRCA2, PKD2, LITAF, CD3D, NR2E3, PKD1, GLI2, IRF2BPL, MED12, PPP3CA, FLCN, CSRP3, MECOM, ZIC2, ZIC3, SIN3A, HNF4A, UBTF, HRAS, ATRX, TCF12, PAX3, FOXL2, PAX6, ARID1A, ARID1B, TNFRSF1A, DNM2, ZEB2, WAC, PPARG, IRF6, TLR3, ENG, FOXC2, CEBPA, FOXC1, NFIX, HDAC3, MYRF, TMPRSS6, HOXD13, NOD2, LRP6, EPCAM, NSD1, ERBB2, TBX1, ZNF462, STAT1, GRHL3, GRHL2, MEIS2, MTOR, POU4F3, SKI, ASXL1, REST, NFIA, WT1, ASXL3, ASXL2, CTNNB1, NAA15, TAF1, NEUROG3",5.969613442602221e-16,GO_Biological_Process_2018
0.95,3,positive regulation of nucleic acid-templated transcription (GO:1903508),"RB1, ACVRL1, CHD8, CTCF, BRCA1, BRCA2, GLI2, MED12, SOX2, MECOM, ZIC2, CDH1, ZIC3, HNF4A, EP300, CAPN3, SOX9, TP63, PITX3, ACVR1, MEF2C, MAP2K1, MAP2K2, SMARCC2, PAX3, SOX11, PAX6, MITF, FOXL2, EBF3, HNF1B, HNF1A, ARID1A, SOX10, FOXP3, POU3F3, DNM2, MYCN, KAT6B, TBL1XR1, KAT6A, WAC, PPARG, PHIP, ZNF711, IRF6, TP53, KMT2E, FOXC2, FOXC1, MYRF, KMT2A, PDGFB, GATA6, PSEN1, GATA1, GLIS2, LRP6, NEUROD1, DEAF1, NSD1, DVL1, NKX2-1, OTX2, NDP, NKX2-5, ZNF423, BPTF, TBX1, TFAP2A, SMAD2, CREBBP, EGR2, ZFHX3, FZD2, BRPF1, SMAD3, FZD4, STAT1, FOXF1, ESRRB, TRIP4, NR2F2, IGF1, GDF6, SMARCA2, ESR2, COL1A1, BMP4, BMP2, REST, WT1, RFXAP, CTNNB1, NAA15",3.1810789548772168e-15,GO_Biological_Process_2018
0.95,4,muscle contraction (GO:0006936),"RYR1, SMPX, ACTG2, CACNA1H, CLCN1, MYLK, TTN, GJA1, SGCA, MYH11, DMD, CACNA1S, EMD, CHRNB2, MYBPC3, MYBPC1, DTNA, CAV3, TPM3, ACTN2, TPM2, TNNC1, TPM1, PGAM2, NEB, TRDN, GNAO1, MYH2, MYH3, DES, ACTC1, MYOT, MYL2, TNNT2, TNNT3, MYH8, TCAP, SCN4A, CALM1, OBSL1, CRYAB, VCL, MYH6",5.189503705963203e-14,GO_Biological_Process_2018
0.95,5,regulation of transcription from RNA polymerase II promoter (GO:0006357),"RB1, SMARCB1, MYT1L, HNRNPU, RBPJ, SOX2, RPS6KA3, TBK1, SOX9, MNX1, TP63, ACVR1, MEF2C, SMARCC2, HFE2, HNF1B, SOX11, EBF3, DICER1, HNF1A, SOX10, THAP1, NOBOX, ATF6, TP53, SRCAP, FOXG1, GATA6, NEDD4L, TWIST1, PIK3R2, GATA1, RAD21, NKX2-1, APOE, NKX2-5, ELANE, CREBBP, EGR2, JAG1, BCL11B, FOXF1, BCL11A, NR2F1, NR0B1, NR2F2, IGF1, GDF6, SMARCA2, SETX, HNRNPK, AGO2, CDK13, SIM1, EZH2, ACVRL1, CDKN1A, TCF20, CTCF, BRCA1, LITAF, CD3D, CHRDL1, PHF6, GLI2, MECP2, MED12, PPP3CA, NIPBL, CSRP3, MECOM, HNF4A, ANKRD1, CIC, HRAS, TCF12, NOG, PAX3, PAX6, MED23, ZEB2, ZEB1, PPARG, TLR3, ENG, FOXC2, FOXC1, CTDP1, NFIX, TMPRSS6, SATB2, HOXD13, CUX2, EPCAM, NSD1, ZNF462, USP9X, STAT1, GRHL3, GRHL2, GATAD2B, POU4F3, SKI, GFI1B, NFIA, WT1, CTNNB1, NEUROG3, AMHR2, HFE, YY1, EP300, MEN1, KCTD1, MITF, FOXP3, MYCN, TBL1XR1, ERF, PHIP, SQSTM1, KMT2D, KMT2A, PSEN1, GLIS2, NEUROD1, DEAF1, TTC21B, CAMTA1, NLRP3, OTX2, BPTF, ZBTB18, TFAP2A, SMAD2, ZFHX3, TGFB2, SMAD3, WFS1, CAV1, ESRRB, SMAD9, SMAD6, ESR2, NFKB2, RAX2, BMP4, BMP2, LHX4, BMPR1A, KDM5B, DDX3X, THRA, CHD8, CHD4, PKD2, NR2E3, PKD1, BMP15, IRF2BPL, FLCN, ZIC3, SIN3A, KLF11, ATRX, FOXL2, PEX2, ARID1A, TNFRSF1A, ETV6, IRF6, ZMYND11, MCPH1, CEBPA, HDAC3, NOD2, HDAC8, LRP6, HSPD1, DLL4, TBX22, TBX20, ERBB2, TBX1, SMARCE1, TBX6, MEIS2, CFC1, ASXL1, REST, ASXL3, ASXL2, TAF1",9.686958179240726e-14,GO_Biological_Process_2018
0.95,6,sensory perception of mechanical stimulus (GO:0050954),"NDUFB9, COL11A2, LRP2, NIPBL, LOXHD1, PIEZO2, CDH23, MYH14, NDP, PDZD7, CHRNB2, TFAP2A, TBX1, CEACAM16, EYA1, WFS1, PAX3, DCDC2, ATP2B2, MYO7A, USH2A, COL1A1, COL2A1, LRTOMT, STRC, KCNQ1, MYO3A, COL4A3, SLC26A4, CLRN1, ATP6V1B1",4.634983300995731e-13,GO_Biological_Process_2018
0.95,8,sensory perception of sound (GO:0007605),"NDUFB9, COL11A2, LRP2, NIPBL, LOXHD1, CDH23, MYH14, NDP, PDZD7, CHRNB2, TFAP2A, TBX1, CEACAM16, EYA1, WFS1, PAX3, DCDC2, ATP2B2, MYO7A, USH2A, COL1A1, COL2A1, LRTOMT, STRC, KCNQ1, MYO3A, COL4A3, SLC26A4, CLRN1, ATP6V1B1",9.829614158465323e-12,GO_Biological_Process_2018
0.95,7,negative regulation of transcription from RNA polymerase II promoter (GO:0000122),"RB1, MYT1L, CHD8, HNRNPU, CTCF, RBPJ, PHF6, GLI2, IRF2BPL, MECP2, YY1, SOX2, FLCN, NIPBL, SIN3A, EP300, SOX9, CIC, TP63, MEN1, KLF11, MEF2C, ATRX, NOG, KCTD1, SOX11, MITF, HFE2, PEX2, DICER1, THAP1, ETV6, RNF168, ZEB2, ZEB1, TBL1XR1, ERF, PPARG, TP53, MCPH1, FOXC2, FOXC1, NFIX, HDAC3, TMPRSS6, PDGFB, GATA6, NEDD4L, TWIST1, PSEN1, HDAC8, GATA1, GLIS2, DLL4, CUX2, BAG3, DEAF1, TBX22, NSD1, TBX20, NKX2-1, NKX2-5, ELANE, BPTF, ZBTB18, TFAP2A, SMAD2, CREBBP, ZFHX3, SMAD3, USP9X, STAT1, WFS1, BCL11A, CAV1, NR2F1, NR0B1, NR2F2, TBX6, SMARCA2, MEIS2, GATAD2B, ESR2, NFKB2, SKI, BMP4, GFI1B, BMP2, REST, NFIA, WT1, EZH2, NEUROG3, TAF1",1.0234739585603657e-11,GO_Biological_Process_2018
0.95,13,actin-myosin filament sliding (GO:0033275),"MYBPC3, MYBPC1, TPM3, ACTN2, TNNC1, TPM2, TPM1, NEB, TTN, MYH2, DES, MYH3, ACTC1, TNNT2, MYL2, TNNT3, MYH8, TCAP, DMD, MYH6",4.691835511299928e-11,GO_Biological_Process_2018
0.95,9,skeletal system development (GO:0001501),"ANKRD11, NPR3, CHD7, COL11A2, PKD1, PHEX, PAPSS2, PTHLH, GLI2, COMP, RPS6KA3, ACAN, FGF8, ANKH, TCOF1, DEAF1, PLS3, ALX4, COL10A1, SOX9, ATP7A, PITX1, ARSE, TRAPPC2, TGFB2, MYOC, NOG, SOX11, IGF1, TBX4, COL1A1, EXT1, BMP2, COL2A1, EVC, COL9A2, PPIB, MATN3, FGFR1, FBN1",4.700872553476259e-11,GO_Biological_Process_2018
0.95,10,positive regulation of transcription from RNA polymerase II promoter (GO:0045944),"SMARCB1, HNRNPU, RBPJ, SOX2, RPS6KA3, TBK1, EP300, SOX9, TP63, MEN1, ACVR1, MEF2C, HFE2, HNF1B, SOX11, MITF, EBF3, HNF1A, FOXP3, MYCN, TBL1XR1, PHIP, ATF6, SQSTM1, TP53, KMT2D, NOTCH3, KMT2A, PDGFB, TWIST1, PIK3R2, GATA1, GLIS2, NEUROD1, NKX2-1, CAMTA1, NLRP3, OTX2, NKX2-5, ZBTB18, TFAP2A, SMAD2, CREBBP, EGR2, TGFB2, JAG1, SMAD3, BCL11B, FOXF1, ESRRB, SMAD9, IGF1, SMARCA2, NFKB2, RAX2, SETX, BMP4, BMP2, HNRNPK, AGO2, LHX4, CDK13, SIM1, BMPR1A, ACVRL1, DDX3X, THRA, CHD8, TCF20, BRCA1, PKD2, LITAF, CD3D, NR2E3, PKD1, GLI2, IRF2BPL, MED12, PPP3CA, FLCN, NIPBL, CSRP3, MECOM, ZIC3, SIN3A, HNF4A, HRAS, ATRX, TCF12, PAX3, PAX6, TNFRSF1A, ZEB2, PPARG, IRF6, TLR3, ENG, FOXC2, CEBPA, FOXC1, NFIX, HDAC3, TMPRSS6, HOXD13, NOD2, LRP6, EPCAM, TBX1, ZNF462, STAT1, GRHL3, GRHL2, MEIS2, POU4F3, SKI, ASXL1, NFIA, ASXL3, ASXL2, CTNNB1, TAF1, NEUROG3",4.8316527831907665e-11,GO_Biological_Process_2018
0.95,12,muscle filament sliding (GO:0030049),"MYBPC3, MYBPC1, TPM3, ACTN2, TNNC1, TPM2, TPM1, NEB, TTN, MYH2, DES, MYH3, ACTC1, TNNT2, MYL2, TNNT3, MYH8, TCAP, DMD, MYH6",5.082821803908256e-11,GO_Biological_Process_2018
0.95,11,sensory perception of light stimulus (GO:0050953),"COL18A1, CRYBA1, TULP1, CACNA1F, BEST1, RPGR, RS1, SIX6, GNAT2, OPA1, ZIC2, RDH12, SIX3, CDH23, CYP1B1, IMPG1, CHRNB2, WFS1, PAX6, MYO7A, TYR, USH2A, POU4F3, COL1A1, CRYGC, GPR143, COL2A1, ATF6, CLRN1",5.448050878906656e-11,GO_Biological_Process_2018
0.95,14,striated muscle contraction (GO:0006941),"RYR2, SMPX, TTN, CSRP3, MYH14, DMD, SCN5A, SCN1B, MYBPC3, KCNH2, MYBPC1, DTNA, TNNC1, GAA, TPM1, PGAM2, MYH3, PIK3CA, TNNT2, KCNQ1, TNNT3, MYH8, TCAP, OBSL1, MYH6",5.7526511121368757e-11,GO_Biological_Process_2018
0.95,19,sterol homeostasis (GO:0055092),"ABCA1, SCARB1, ABCG8, CETP, ABCG5, CAV3, CAV1, PCSK9, APOA1, LCAT, LPL, APOA5, CYP7A1, LIPC, NPC1, NPC2, APOC2, LIPG, ANGPTL3, APOE, LDLRAP1, APOB, LDLR, GPIHBP1",1.0062908994694947e-10,GO_Biological_Process_2018
0.95,15,"negative regulation of transcription, DNA-templated (GO:0045892)","RB1, MYT1L, GMNN, HNRNPU, RBPJ, YY1, SOX2, EP300, CAPN3, SOX9, TP63, MEN1, MEF2C, SMARCC2, KCTD1, HFE2, SOX11, MITF, DICER1, FOXP3, POU3F3, THAP1, KAT6B, TBL1XR1, KAT6A, ERF, TP53, MAGEL2, FOXG1, PDGFB, GATA6, NEDD4L, TWIST1, PSEN1, GATA1, GLIS2, DEAF1, NACC1, NKX2-1, ZNF423, NKX2-5, ELANE, BPTF, ZBTB18, TFAP2A, SMAD2, CREBBP, ZFHX3, SMAD3, WFS1, BCL11A, CAV1, NONO, NR2F1, NR0B1, NR2F2, SMARCA2, ESR2, NFKB2, BMP4, BMP2, EZH2, KDM5C, CDKN1B, THRA, CHD8, CTCF, BRCA1, PHF6, GLI2, IRF2BPL, MECP2, FLCN, NIPBL, MECOM, ZIC2, SIN3A, CHMP1A, SIX3, CIC, KLF11, NOG, FOXL2, PEX2, ETV6, ZEB2, ZEB1, PAX9, PPARG, MCPH1, FOXC2, CEBPA, FOXC1, NFIX, HDAC3, TMPRSS6, HDAC8, DLL4, CUX2, TBX22, NSD1, TBX20, FLNA, SMARCE1, USP9X, STAT1, CDKN2A, TBX6, MEIS2, GATAD2B, SKI, GFI1B, REST, NFIA, WT1, CTNNB1, NEUROG3",1.0497245054545844e-10,GO_Biological_Process_2018
0.95,18,cholesterol homeostasis (GO:0042632),"ABCA1, SCARB1, ABCG8, CETP, ABCG5, CAV3, CAV1, PCSK9, APOA1, LCAT, LPL, APOA5, CYP7A1, LIPC, NPC1, NPC2, APOC2, LIPG, ANGPTL3, APOE, LDLRAP1, APOB, LDLR, GPIHBP1",1.0621959494400223e-10,GO_Biological_Process_2018
0.95,17,cholesterol transport (GO:0030301),"ABCA1, CETP, SCARB1, ABCG8, MSR1, ABCG5, CAV1, LCAT, APOA1, CEL, APOA5, LIPC, NPC1, NPC2, APOC2, LIPG, APOE, SERAC1, LDLRAP1, APOB, LDLR",1.074881791440736e-10,GO_Biological_Process_2018
0.95,16,heart contraction (GO:0060047),"MYBPC3, KCNH2, RYR2, ACE, TNNC1, GAA, TPM1, TTN, TRDN, CSRP3, ACTC1, PIK3CA, TNNT2, MYL2, KCNQ1, TNNT3, TCAP, DMD, SCN5A, SCN1B, MYH6",1.142061903405782e-10,GO_Biological_Process_2018
0.95,20,action potential (GO:0001508),"KCNH2, KCNE2, CHRNA4, KCNA1, KCNA2, CACNA1C, CACNA1F, CACNA1H, CACNA1G, SCN10A, SCN11A, SCN8A, KCNQ1, GNA11, SCN9A, MYH14, SCN4A, DMD, SCN5A, CACNA1S, SCN3A, KCNJ2, SCN1A",1.4114747219545483e-10,GO_Biological_Process_2018
1.0,1,positive regulation of gene expression (GO:0010628),"RB1, RPL5, APP, ACTB, SOX2, CHEK2, AKT1, VPS35, SOX9, TP63, CDK5RAP2, ACVR1, MEF2C, SMARCC2, HNF1B, ANK2, SOX11, EBF3, ANK3, HNF1A, SOX10, RUNX2, HCFC1, RUNX1, RFX6, KARS, TFR2, ZNF711, TP53, AIRE, PDGFB, GATA6, TWIST1, GATA4, GATA3, GATA1, PDCD10, PRDM16, NKX2-1, NKX2-5, CREBBP, EGR2, FZD2, FOXF1, FZD4, FN1, EIF2AK3, TRIP4, UPF3B, BRAF, NR2F2, IGF1, GDF6, SMARCA2, SMARCA4, COL1A1, SETX, RET, CDKN1C, ACVRL1, CTCF, BRCA1, BRCA2, GLI3, MED17, GLI2, MED12, IKBKB, SHH, MECOM, HNF4A, CD36, NOG, PAX3, PAX6, PAX2, PAX8, WAC, PPARG, AVP, CD46, PLCB1, TLR3, FOXC2, FOXC1, MYRF, RPL11, EGFR, CUX2, NSD1, STAT1, STAT3, WT1, CTNNB1, NCF1, FMR1, HFE, ACTG2, GRIP1, RIMS1, CDH3, SALL1, FGF8, CDH1, EP300, CAPN3, PITX3, MAP2K1, MAP2K2, WNT5A, DYRK1A, MITF, FOXP3, POU3F3, MYCN, KAT6B, TBL1XR1, KAT6A, PKP1, PHIP, KMT2E, BLM, DNMT1, NOTCH1, KMT2A, PSEN1, GLIS2, NEUROD1, RAI1, DEAF1, DVL1, DVL3, STAP1, OTX2, NDP, ZNF423, BPTF, TFAP2A, SMAD2, TFAP2B, ZFHX3, SMAD4, BRPF1, SMAD3, TGFB3, ESRRB, EEF2, NFKB1, ESR2, BMP4, BMP2, RFXAP, TCF4, TCF3, DDX3X, CHD8, PIK3CD, ZIC2, ZIC3, DNMT3B, CEP290, POU1F1, DDX58, AVPR2, FOXL2, ARID1A, TGFBR1, DNM2, ACTA2, ACTA1, POLR1A, POLR1C, RBM20, IRF6, HDAC4, LRP5, LRP6, INS, TTN, DLL4, ERBB4, ERBB2, TNNI2, MAPK1, VHL, TBX1, NTRK2, TBX5, MTOR, REST, ACTC1, ERCC2, KRAS, NAA15, ERCC6",1.094572104524214e-24,GO_Biological_Process_2018
1.0,2,heart development (GO:0007507),"BMPR2, CHD7, PTEN, TAZ, PKD2, PKD1, MMP21, GLI2, GJA1, NIPBL, SHH, CSRP3, SALL1, SGCD, SH3PXD2B, PLCE1, SGCG, MYBPC3, MEF2C, MKKS, NKX2-6, TSC2, TGFBR1, TGFBR2, MTHFD1, MYL2, PKP2, RBM20, ALPK3, CRELD1, MYH6, MYH7, FOXC2, FOXC1, NOTCH1, PDGFB, GATA6, GATA5, GATA4, CACNA1C, GATA3, GATA2, GATA1, ERBB3, ERBB4, TNNI3, NKX2-5, NDUFV2, STRA6, TBX1, TGFB2, FOXF1, INSR, IFT122, PTPN11, TBX5, CFC1, BMP4, BMP2, COL3A1, TH, WT1, NF1, TCAP, TAB2, TEK, BCOR, FGF12, FBN1",1.8701290508455208e-23,GO_Biological_Process_2018
1.0,3,positive regulation of nucleic acid-templated transcription (GO:1903508),"RB1, NCF1, SOX2, GRIP1, SALL1, CDH1, CHEK2, AKT1, EP300, CAPN3, SOX9, TP63, CDK5RAP2, PITX3, ACVR1, MEF2C, MAP2K1, MAP2K2, SMARCC2, WNT5A, SOX11, MITF, EBF3, HNF1B, HNF1A, SOX10, FOXP3, RUNX2, POU3F3, HCFC1, RUNX1, MYCN, RFX6, KARS, KAT6B, TBL1XR1, KAT6A, PHIP, ZNF711, TP53, KMT2E, BLM, NOTCH1, KMT2A, AIRE, PDGFB, GATA6, GATA4, GATA3, PSEN1, GATA1, GLIS2, NEUROD1, RAI1, DEAF1, PRDM16, DVL1, NKX2-1, DVL3, OTX2, NDP, NKX2-5, ZNF423, BPTF, TFAP2A, SMAD2, TFAP2B, CREBBP, EGR2, SMAD4, ZFHX3, FZD2, BRPF1, SMAD3, FZD4, FOXF1, TGFB3, ESRRB, TRIP4, NR2F2, IGF1, GDF6, SMARCA2, NFKB1, ESR2, SMARCA4, COL1A1, BMP4, BMP2, RFXAP, TCF4, TCF3, RET, CDKN1C, ACVRL1, CHD8, CTCF, BRCA1, BRCA2, GLI3, MED17, GLI2, MED12, IKBKB, SHH, MECOM, ZIC2, ZIC3, HNF4A, CEP290, POU1F1, PAX3, PAX6, FOXL2, ARID1A, PAX2, TGFBR1, DNM2, PAX8, WAC, PPARG, IRF6, PLCB1, HDAC4, FOXC2, FOXC1, MYRF, LRP5, EGFR, LRP6, ERBB4, NSD1, TNNI2, VHL, TBX1, STAT1, STAT3, TBX5, REST, WT1, ERCC2, CTNNB1, NAA15",3.093861953264944e-23,GO_Biological_Process_2018
1.0,4,"positive regulation of transcription, DNA-templated (GO:0045893)","RB1, APP, SMARCB1, RAX, HNRNPU, IKZF1, RBPJ, SOX2, RPS6KA3, TBK1, CHEK2, AKT1, SOX9, TP63, CDK5RAP2, ACVR1, MEF2C, SMARCC2, HFE2, HNF1B, SOX11, EBF3, HNF1A, SOX10, RUNX2, HCFC1, RUNX1, RFX6, KARS, TFR2, ZNF711, ATF6, TP53, AIRE, PRKDC, PDGFB, GATA6, GATA5, TWIST1, GATA4, PIK3R2, GATA3, GATA2, GATA1, MYO6, PRDM16, NKX2-1, NKX2-5, STAT5B, CREBBP, EGR2, JAG1, FZD2, JUP, BCL11B, FOXF1, FZD4, EIF2AK3, TRIP4, NR2F2, IGF1, GDF6, SMARCA2, SMARCA4, COL1A1, SETX, HNRNPK, AGO2, CDK13, SIM1, RET, CDKN1C, ACVRL1, TCF20, CTCF, BRCA1, BRCA2, LITAF, CD3D, GLI3, MED17, GLI2, MED12, IKBKB, PPP3CA, SHH, CSRP3, MECOM, HNF4A, HRAS, TCF12, PAX3, PAX6, PAX2, ZEB2, PAX8, WAC, PPARG, PLCB1, TLR3, ENG, FOXC2, FOXC1, NFIX, MYRF, TMPRSS6, HOXD13, EGFR, EPCAM, NSD1, SHOX, ZNF462, WWOX, STAT1, STAT3, GRHL3, GRHL2, POU4F3, SKI, NFIA, WT1, CTNNB1, AGRN, NEUROG3, NCF1, KDM1A, GRIP1, SALL1, CDH1, EP300, CAPN3, PITX3, MEN1, MAP2K1, MAP2K2, WNT5A, MITF, FOXP3, POU3F3, MYCN, KAT6B, TBL1XR1, KAT6A, PHIP, LMX1B, SQSTM1, KMT2E, KMT2D, BLM, NOTCH1, KMT2A, KMT2B, GLIS3, PSEN1, GLIS2, NEUROD1, RAI1, DEAF1, DVL1, CAMTA1, DVL3, NLRP3, OTX2, NDP, ZNF423, BPTF, ZBTB18, TFAP2A, SMAD2, TFAP2B, ZFHX3, SMAD4, BRPF1, SMAD3, AUTS2, TGFB3, ESRRB, NFKB1, PHOX2B, ESR2, NFKB2, RAX2, BMP4, NFKBIA, AHI1, BMP2, RFXAP, TCF4, TCF3, LHX4, FGFR2, BMPR1A, DDX3X, BMPR2, THRA, CHD8, PKD2, NR2E3, PKD1, CDC73, IRF2BPL, FLCN, ZIC2, ZIC3, SIN3A, UBTF, CEP290, POU1F1, DDX58, ATRX, MKL1, FOXL2, ARID1A, ARID1B, TGFBR1, TNFRSF1A, DNM2, IRF6, MET, HDAC4, CEBPA, HDAC3, LRP5, NOD2, LRP6, ERBB4, ERBB2, TNNI2, VHL, TBX1, PDX1, TBX5, MEIS2, MTOR, ASXL1, REST, ERCC3, ASXL3, ERCC2, ASXL2, NAA15, ERCC6, PFKM, LPIN2, TAF1",2.5167947507207607e-22,GO_Biological_Process_2018
1.0,5,muscle contraction (GO:0006936),"RYR1, DYSF, TAZ, ACTG2, LMOD3, MYLK, GJA1, SGCA, EMD, CHRNB2, GAMT, MYBPC3, CHRNB1, MYBPC1, TPM3, ACTN2, TPM2, TNNC1, TPM1, PGAM2, KLHL41, TRDN, ACTA2, ACTA1, MYH2, MYH3, TNNT1, MYOT, MYL2, TNNT2, MYL3, TNNT3, CASQ2, MYH8, SCN4A, OBSL1, CRYAB, VCL, MYH6, MYH7, HCN4, SMPX, CACNA1H, CLCN1, TTN, CHRND, GLRA1, CHRNG, CHRNE, TNNI2, MYH11, TNNI3, DMD, CACNA1S, DTNA, CAV3, NEB, GNAO1, SLC6A8, DES, ACTC1, TCAP, CALM1",1.999245753468227e-21,GO_Biological_Process_2018
1.0,7,sensory perception of mechanical stimulus (GO:0050954),"NDUFB9, KCNE1, TMPRSS3, COL11A1, COL11A2, PCDH15, USH1C, CACNA1D, LRP2, NIPBL, LOXHD1, MARVELD2, PIEZO2, CDH23, MYH14, ATP6V0A4, NDP, PDZD7, CHRNB2, TFAP2A, TBX1, GRXCR1, CEACAM16, EYA1, WFS1, SLC52A3, PAX3, DCDC2, ATP2B2, MYO7A, TSPEAR, USH2A, COL1A1, COL2A1, LRTOMT, USH1G, STRC, P2RX2, KCNQ1, MYO3A, COL4A3, SLC26A4, ALDH7A1, CLRN1, ATP6V1B1, SLC26A5",3.1276983593209797e-21,GO_Biological_Process_2018
1.0,6,sensory perception of sound (GO:0007605),"NDUFB9, KCNE1, TMPRSS3, COL11A1, COL11A2, PCDH15, USH1C, CACNA1D, LRP2, NIPBL, LOXHD1, MARVELD2, CDH23, MYH14, ATP6V0A4, NDP, PDZD7, CHRNB2, TFAP2A, TBX1, GRXCR1, MKKS, CEACAM16, EYA1, WFS1, SLC52A3, PAX3, DCDC2, ATP2B2, MYO7A, TSPEAR, USH2A, COL1A1, COL2A1, LRTOMT, USH1G, STRC, P2RX2, KCNQ1, MYO3A, COL4A3, KIT, SLC26A4, ALDH7A1, CLRN1, ATP6V1B1, SLC26A5",3.131684067575123e-21,GO_Biological_Process_2018
1.0,8,skeletal system development (GO:0001501),"COL12A1, CHD7, IHH, PKD1, PHEX, GLI2, COMP, RPS6KA3, FGF8, TRPS1, SUFU, SH3PXD2B, PLS3, COL10A1, SOX9, ATP7A, PITX1, MYOC, IFT140, WNT5A, NOG, P3H1, SOX11, TGFBR1, VCAN, COL2A1, EVC, PPIB, MATN3, ANKRD11, NPR3, COL11A2, PAPSS2, PTHLH, DLL3, ACAN, ANKH, TCOF1, DEAF1, SHOX, DYM, ALX4, ARSE, TRAPPC2, WWOX, TGFB2, IGF2, EIF2AK3, GDF3, IGF1, TBX4, TBX3, COL1A1, EXT1, BMP2, COL1A2, BMP1, GNAS, ALPL, COL9A2, FGFR3, FGFR2, FGFR1, FBN1",1.400873666874898e-20,GO_Biological_Process_2018
1.0,9,circulatory system development (GO:0072359),"PTEN, TAZ, PKD2, PKD1, GLI2, GJA1, NIPBL, SHH, SALL1, SH3PXD2B, PLCE1, MEF2C, MKKS, TSC2, HSPG2, TGFBR1, TGFBR2, MTHFD1, MYL2, PKP2, RBM20, ALPK3, CRB2, FOXC2, FOXC1, NOTCH1, PDGFB, GATA6, GATA5, GATA4, CACNA1C, GATA3, GATA2, GATA1, ERBB3, ERBB4, TNNI3, STRA6, TBX1, TGFB2, FOXF1, PTPN11, TBX5, CFC1, BMP2, COL3A1, TH, WT1, NF1, TAB2, TEK, BCOR, FGF12, FBN1",2.5238035170771107e-20,GO_Biological_Process_2018
1.0,10,sensory perception of light stimulus (GO:0050953),"COL18A1, SLC24A1, CABP4, COL11A1, RAX, PCDH15, USH1C, CRYBA1, TULP1, CACNA1F, BEST1, RPGR, TRPM1, RS1, SIX6, GNAT2, OPA1, ZIC2, RDH12, OPA3, SIX3, CDH23, CYP1B1, IMPG1, GPR179, IMPG2, CHRNB2, BBS2, WFS1, EYA4, PAX6, MYO7A, TYR, USH2A, PAX2, POU4F3, COL1A1, CRYGC, GPR143, COL2A1, TH, USH1G, ATF6, CLRN1, CNGB1",2.0638842768018177e-19,GO_Biological_Process_2018
1.0,11,regulation of transcription from RNA polymerase II promoter (GO:0006357),"RB1, SMARCAL1, APP, SMARCB1, MYT1L, RAX, HNRNPU, IKZF1, RBPJ, SOX2, RPS6KA3, TBK1, EDNRB, SOX9, MNX1, TP63, ACVR1, MEF2C, SMARCC2, HFE2, HNF1B, SOX11, EBF3, DICER1, HNF1A, SOX10, RUNX2, THAP1, HCFC1, RUNX1, RFX6, TFR2, PRKAR1A, NOBOX, ATF6, TP53, SRCAP, AIRE, PRKDC, FOXG1, TSHZ1, GATA6, GATA5, NEDD4L, TWIST1, GATA4, PIK3R2, GATA3, GATA2, GATA1, BRIP1, RAD21, MYO6, PRDM16, NKX2-1, APOE, NKX2-5, ELANE, STAT5B, CREBBP, EGR2, JAG1, JUP, BCL11B, FOXF1, BCL11A, NR2F1, IGF2, GDF1, NR0B1, NR2F2, IGF1, GDF3, GDF6, SMARCA2, GDF5, MED13L, SMARCA4, SETX, HNRNPK, AGO2, CDK13, SIM1, CC2D1A, EZH2, ACVRL1, FOXE3, CDKN1A, TCF20, CTCF, BRCA1, LITAF, CD3D, CHRDL1, PHF6, GLI3, MED17, GLI2, MECP2, MED12, IKBKB, PPP3CA, SHH, NIPBL, CSRP3, MECOM, HNF4A, SUFU, ANKRD1, CIC, HRAS, TCF12, NOG, PAX3, PAX6, PAX2, MED23, ZEB2, ZEB1, PAX8, KIT, PPARG, TLR3, ENG, FOXC2, FOXC1, CTDP1, NFIX, RPL10, TMPRSS6, SATB2, HOXD13, EGFR, CUX2, EPCAM, NSD1, HSF4, SHOX, ZNF462, WWOX, USP9X, STAT1, USP9Y, STAT3, GRHL3, GRHL2, GATAD2B, POU4F3, SKI, GFI1B, PER3, NFIA, WT1, CTNNB1, AGRN, NEUROG3, AMHR2, KDM1A, HFE, YY1, SALL1, EP300, MEN1, WNT5A, KCTD1, MITF, FOXP3, FOXP2, FOXP1, MYCN, TBL1XR1, ERF, PHIP, LMX1B, SQSTM1, KMT2D, NOTCH1, KMT2A, MAX, GLIS3, PSEN1, HOXB13, GLIS2, NEUROD1, RAI1, DEAF1, TTC21B, CAMTA1, NLRP3, OTX2, BPTF, ZBTB18, TFAP2A, SMAD2, TFAP2B, ZFHX3, TGFB2, SMAD4, SMAD3, AUTS2, WFS1, TGFB3, CAV1, PTCH1, ESRRB, SMAD9, SMAD6, NFKB1, PHOX2B, ESR2, NFKB2, RAX2, BMP4, NFKBIA, AHI1, BMP2, TCF4, TCF3, LHX4, BRWD3, FGFR2, BMPR1A, KDM5B, DDX3X, BMPR2, THRA, CHD8, CHD4, CHD2, PKD2, NR2E3, PKD1, CDC73, BMP15, IRF2BPL, FLCN, ZIC3, SIN3A, TRPS1, DNMT3B, TGIF1, KLF11, POU1F1, DDX58, EED, ATRX, MKL1, FOXL2, PEX2, ARID1A, TNFRSF1A, ETV6, IRF6, ZMYND11, MET, MCPH1, HDAC4, CEBPA, HDAC3, LRP5, NOD2, HDAC8, LRP6, HSPD1, DLL4, TBX22, TBX20, ERBB2, VHL, SNCA, TBX1, SMARCE1, PDX1, TBX6, TBX5, MEIS2, TBX3, CFC1, ASXL1, REST, ERCC3, ASXL3, ERCC2, ASXL2, TRIM37, BCOR, PFKM, LPIN2, TAF1",3.184569669450889e-19,GO_Biological_Process_2018
1.0,12,heart contraction (GO:0060047),"RYR2, ATP1A2, TAZ, TTN, CSRP3, SGCD, TNNI2, TNNI3, DMD, SCN5A, SCN3B, SGCG, SCN1B, MYBPC3, KCNH2, ACE, TNNC1, GAA, TPM1, TRDN, ACTC1, PIK3CA, TNNT1, TNNT2, MYL2, KCNQ1, TNNT3, MYL3, CASQ2, TCAP, MYH6, MYH7",1.0527087902013576e-18,GO_Biological_Process_2018
1.0,13,cilium assembly (GO:0060271),"C2CD3, IFT172, CEP164, SNX10, CDC14A, RPGR, SEPT9, TUBA1A, PPP2R1A, TCTN3, TCTN2, TCTN1, BBS9, CEP250, NEK1, CC2D2A, BBS5, CEP290, BBS4, YWHAG, CDK5RAP2, DYNC2H1, OFD1, IQCB1, CCDC39, MKKS, DNAI2, DNAAF3, IFT140, TUBB, IFT80, OCRL, RPGRIP1L, TUBG1, WDR35, TUBA4A, BBS10, IFT43, FAM161A, IFT81, TMEM138, TMEM216, AKAP9, WDPCP, ALPK3, CEP63, PAFAH1B1, SDCCAG8, CCDC40, NOTCH1, ARL6, DCTN1, DNAH5, RSPH9, TTBK2, PKHD1, ARL13B, TMEM67, TTC21B, RAB23, NPHP1, FLNA, NPHP3, NPHP4, PCNT, C5ORF42, CLASP1, BBS2, BBS1, DYNC1H1, RSPH4A, NDE1, CEP152, WDR19, IFT122, DCDC2, TUBB4B, TUBB4A, TMEM231, RP1L1, AHI1, TTC8, RSPH1, WDR60, TMEM237, KIAA0586, CENPJ, ALMS1, MKS1, TRIP11, IFT27, CCDC65",1.5573035825406822e-18,GO_Biological_Process_2018
1.0,14,action potential (GO:0001508),"CHRNA1, KCNE1, KCNE2, CHRNA4, KCNA1, KCNA2, CACNA1B, CACNA1A, CACNA1D, CACNA1C, CACNA1F, NALCN, CACNA1E, CACNA1H, CACNA1G, CLN3, SCN11A, GNA11, SCN9A, MYH14, DMD, SCN5A, CACNA1S, SCN3B, SCN3A, KCNJ2, SCN1A, KCNH2, KCNB1, ANK3, SCN10A, SCN8A, KCNQ1, SCN4A, SCN2A",4.919921570740446e-18,GO_Biological_Process_2018
1.0,15,striated muscle contraction (GO:0006941),"CHRNA1, RYR2, SMPX, ATP1A2, TAZ, LMOD3, TTN, CSRP3, MYH14, TNNI2, TNNI3, DMD, SCN5A, SCN3B, SCN1B, MYBPC3, KCNH2, MYBPC1, DTNA, TNNC1, GAA, TPM1, PGAM2, KLHL41, MYH3, PIK3CA, TNNT1, TNNT2, KCNQ1, MYL3, TNNT3, MYH8, CASQ2, TCAP, OBSL1, MYH6, MYH7",1.0439543171714878e-17,GO_Biological_Process_2018
1.0,16,visual perception (GO:0007601),"COL18A1, SLC24A1, CABP4, COL11A1, RAX, CRYBA1, TULP1, CACNA1F, BEST1, RPGR, TRPM1, RS1, SIX6, GNAT2, OPA1, ZIC2, RDH12, GRM6, OPA3, SIX3, CYP1B1, EYS, IMPG1, GPR179, IMPG2, CHRNB2, BBS2, WFS1, EYA4, PAX6, CACNA2D4, MYO7A, TYR, PAX2, POU4F3, COL1A1, CRYGC, GPR143, COL2A1, TH, ATF6, CNGB1",1.5498371603687035e-17,GO_Biological_Process_2018
1.0,17,extracellular matrix organization (GO:0030198),"APP, COL18A1, PRSS1, LAMC3, ITGB4, ELN, COL12A1, ITGB2, TNC, DMP1, LAMC2, COMP, CDH1, CTSK, SH3PXD2B, CYP1B1, COL10A1, CAPN1, ITGB6, ATP7A, FGB, FGA, VWF, SPINK5, HSPG2, TGFBR1, VCAN, COL2A1, MMP13, COL4A2, LOX, COL4A1, COL4A4, COL6A2, PXDN, COL4A3, COL6A1, COL4A5, COL6A3, ITGA7, MATN3, DDR2, FBN2, COL13A1, LAMA2, TMPRSS6, LAMA1, COL11A1, LAMA4, COL11A2, LAMA3, PDGFB, PLG, NID1, FBLN5, ACAN, TTR, ELANE, TGFB2, LAMB3, LAMB2, FN1, LAMB1, COL1A1, MFAP5, COL3A1, COL1A2, BMP1, COL5A1, COL7A1, COL5A2, COL9A1, NF1, COL9A3, COL9A2, TGFBI, AGRN, FBN1",1.6590369356512512e-17,GO_Biological_Process_2018
1.0,18,positive regulation of transcription from RNA polymerase II promoter (GO:0045944),"APP, SMARCB1, KDM1A, RAX, HNRNPU, IKZF1, RBPJ, SOX2, RPS6KA3, TBK1, SALL1, EP300, SOX9, TP63, MEN1, ACVR1, MEF2C, WNT5A, HFE2, HNF1B, SOX11, MITF, EBF3, HNF1A, FOXP3, RUNX2, RUNX1, MYCN, RFX6, TFR2, TBL1XR1, PHIP, LMX1B, ATF6, SQSTM1, TP53, KMT2D, NOTCH3, NOTCH1, KMT2A, AIRE, PRKDC, PDGFB, GLIS3, GATA5, TWIST1, GATA4, PIK3R2, GATA3, GATA2, GATA1, GLIS2, NEUROD1, RAI1, TERT, MYO6, PRDM16, NKX2-1, CAMTA1, NLRP3, OTX2, NKX2-5, ZBTB18, TFAP2A, SMAD2, STAT5B, TFAP2B, CREBBP, EGR2, TGFB2, SMAD4, JAG1, SMAD3, JUP, AUTS2, BCL11B, FOXF1, TGFB3, ESRRB, SMAD9, IGF1, SMARCA2, NFKB1, PHOX2B, NFKB2, SMARCA4, RAX2, SETX, BMP4, NFKBIA, AHI1, BMP2, HNRNPK, AGO2, TCF4, TCF3, LHX4, CDK13, SIM1, FGFR2, BMPR1A, ACVRL1, DDX3X, BMPR2, THRA, CHD8, TCF20, BRCA1, PKD2, LITAF, CD3D, NR2E3, PKD1, CDC73, GLI3, MED17, GLI2, IRF2BPL, MED12, IKBKB, PPP3CA, FLCN, SHH, NIPBL, CSRP3, MECOM, ZIC3, SIN3A, HNF4A, HRAS, POU1F1, DDX58, ATRX, MKL1, TCF12, PAX3, PAX6, PAX2, TNFRSF1A, ZEB2, PAX8, PPARG, IRF6, MET, TLR3, ENG, HDAC4, FOXC2, CEBPA, FOXC1, NFIX, HDAC3, TMPRSS6, LRP5, HOXD13, NOD2, EGFR, LRP6, EPCAM, SHOX, TBX1, ZNF462, WWOX, STAT1, STAT3, PDX1, GRHL3, TBX5, GRHL2, MEIS2, POU4F3, SKI, ASXL1, ERCC3, NFIA, ASXL3, ERCC2, ASXL2, CTNNB1, AGRN, PFKM, LPIN2, TAF1, NEUROG3",2.2531515398791923e-16,GO_Biological_Process_2018
1.0,19,central nervous system development (GO:0007417),"CNTNAP2, THRA, FMR1, CHD8, ROGDI, CHD7, PTEN, UBE3A, PKD2, GBA2, PKD1, AFF2, SOX3, RPS6KA3, SHH, NIPBL, ZIC2, SIX3, PHGDH, CIC, CDK5RAP2, SZT2, PROP1, LIG4, SOX11, PAX6, TBR1, SOX10, HSPG2, POU3F3, SHROOM4, THOC6, TGFBR2, ALDH3A2, VCAN, BTD, ALDH5A1, CYP26C1, PAX8, COL4A1, NDUFS4, DCX, ABCB6, MYRF, SPATA5, PTS, CLN5, ACAN, GRIN2A, RELN, NKX2-1, HESX1, NHEJ1, BPTF, EIF2B5, EGR2, EIF2B2, PTCH1, STAT3, CTNS, PTPN11, GRIN2B, GRHL2, AHI1, QARS, PPT1, NF1, POMK, TPP1, SERPINI1, FGFR2, NEUROG3, FGFR1",5.138485509850556e-16,GO_Biological_Process_2018
1.0,20,regulation of heart rate by cardiac conduction (GO:0086091),"HCN4, KCNE1, KCNE2, KCNE3, CACNA1D, CACNA1C, CACNA1G, SCN5A, SCN3B, KCNJ2, SCN1B, TRPM4, DSP, KCNH2, KCNJ5, JUP, KCND3, CACNA2D1, CAV1, ANK2, CACNB2, KCNQ1, AKAP9, PKP2, DSG2, DSC2",1.5058048238068868e-15,GO_Biological_Process_2018
